minipacmen00 0.00000000 0.00000000 0.03125000 0.05000000 12 12
minipacmen01 0.03125000 0.00000000 0.06250000 0.05000000 12 12
minipacmen02 0.06250000 0.00000000 0.09375000 0.05000000 12 12
minipacmen03 0.09375000 0.00000000 0.12500000 0.05000000 12 12
minipacmen04 0.12500000 0.00000000 0.15625000 0.05000000 12 12
minipacmen05 0.15625000 0.00000000 0.18750000 0.05000000 12 12
minipacmen06 0.18750000 0.00000000 0.21875000 0.05000000 12 12
minipacmen07 0.21875000 0.00000000 0.25000000 0.05000000 12 12
minipacmen08 0.25000000 0.00000000 0.28125000 0.05000000 12 12
minipacmen09 0.28125000 0.00000000 0.31250000 0.05000000 12 12
minipacmen10 0.31250000 0.00000000 0.34375000 0.05000000 12 12
minipacmen11 0.34375000 0.00000000 0.37500000 0.05000000 12 12
minipacmen12 0.37500000 0.00000000 0.40625000 0.05000000 12 12
minipacmen13 0.40625000 0.00000000 0.43750000 0.05000000 12 12
minipacmen14 0.43750000 0.00000000 0.46875000 0.05000000 12 12
minipacmen15 0.46875000 0.00000000 0.50000000 0.05000000 12 12
minipacmen16 0.50000000 0.00000000 0.53125000 0.05000000 12 12
minipacmen17 0.53125000 0.00000000 0.56250000 0.05000000 12 12
minipacmen18 0.56250000 0.00000000 0.59375000 0.05000000 12 12
minipacmen19 0.59375000 0.00000000 0.62500000 0.05000000 12 12
minipacmen20 0.62500000 0.00000000 0.65625000 0.05000000 12 12
minipacmen21 0.65625000 0.00000000 0.68750000 0.05000000 12 12
minipacmen22 0.68750000 0.00000000 0.71875000 0.05000000 12 12
minipacmen23 0.71875000 0.00000000 0.75000000 0.05000000 12 12
minipacmen24 0.75000000 0.00000000 0.78125000 0.05000000 12 12
minipacmen25 0.78125000 0.00000000 0.81250000 0.05000000 12 12
minipacmen26 0.81250000 0.00000000 0.84375000 0.05000000 12 12
minipacmen27 0.84375000 0.00000000 0.87500000 0.05000000 12 12
minipacmen28 0.87500000 0.00000000 0.90625000 0.05000000 12 12
minipacmen29 0.90625000 0.00000000 0.93750000 0.05000000 12 12
minipacmen30 0.93750000 0.00000000 0.96875000 0.05000000 12 12
minipacmen31 0.96875000 0.00000000 1.00000000 0.05000000 12 12
minipacmen32 0.00000000 0.05000000 0.03125000 0.10000000 12 12
minipacmen33 0.03125000 0.05000000 0.06250000 0.10000000 12 12
minipacmen34 0.06250000 0.05000000 0.09375000 0.10000000 12 12
minipacmen35 0.09375000 0.05000000 0.12500000 0.10000000 12 12
minipacmen36 0.12500000 0.05000000 0.15625000 0.10000000 12 12
minipacmen37 0.15625000 0.05000000 0.18750000 0.10000000 12 12
minipacmen38 0.18750000 0.05000000 0.21875000 0.10000000 12 12
minipacmen39 0.21875000 0.05000000 0.25000000 0.10000000 12 12
minipacmen40 0.25000000 0.05000000 0.28125000 0.10000000 12 12
minipacmen41 0.28125000 0.05000000 0.31250000 0.10000000 12 12
minipacmen42 0.31250000 0.05000000 0.34375000 0.10000000 12 12
minipacmen43 0.34375000 0.05000000 0.37500000 0.10000000 12 12
minipacmen44 0.37500000 0.05000000 0.40625000 0.10000000 12 12
minipacmen45 0.40625000 0.05000000 0.43750000 0.10000000 12 12
minipacmen46 0.43750000 0.05000000 0.46875000 0.10000000 12 12
minipacmen47 0.46875000 0.05000000 0.50000000 0.10000000 12 12
minipacmen48 0.50000000 0.05000000 0.53125000 0.10000000 12 12
minipacmen49 0.53125000 0.05000000 0.56250000 0.10000000 12 12
minipacmen50 0.56250000 0.05000000 0.59375000 0.10000000 12 12
minipacmen51 0.59375000 0.05000000 0.62500000 0.10000000 12 12
minipacmen52 0.62500000 0.05000000 0.65625000 0.10000000 12 12
minipacmen53 0.65625000 0.05000000 0.68750000 0.10000000 12 12
minipacmen54 0.68750000 0.05000000 0.71875000 0.10000000 12 12
minipacmen55 0.71875000 0.05000000 0.75000000 0.10000000 12 12
minipacmen56 0.75000000 0.05000000 0.78125000 0.10000000 12 12
minipacmen57 0.78125000 0.05000000 0.81250000 0.10000000 12 12
minipacmen58 0.81250000 0.05000000 0.84375000 0.10000000 12 12
minipacmen59 0.84375000 0.05000000 0.87500000 0.10000000 12 12
minipacmen60 0.87500000 0.05000000 0.90625000 0.10000000 12 12
minipacmen61 0.90625000 0.05000000 0.93750000 0.10000000 12 12
minipacmen62 0.93750000 0.05000000 0.96875000 0.10000000 12 12
minipacmen63 0.96875000 0.05000000 1.00000000 0.10000000 12 12
minipacmen64 0.00000000 0.10000000 0.03125000 0.15000000 12 12
minipacmen65 0.03125000 0.10000000 0.06250000 0.15000000 12 12
minipacmen66 0.06250000 0.10000000 0.09375000 0.15000000 12 12
minipacmen67 0.09375000 0.10000000 0.12500000 0.15000000 12 12
minipacmen68 0.12500000 0.10000000 0.15625000 0.15000000 12 12
minipacmen69 0.15625000 0.10000000 0.18750000 0.15000000 12 12
minipacmen70 0.18750000 0.10000000 0.21875000 0.15000000 12 12
minipacmen71 0.21875000 0.10000000 0.25000000 0.15000000 12 12
minipacmen72 0.25000000 0.10000000 0.28125000 0.15000000 12 12
minipacmen73 0.28125000 0.10000000 0.31250000 0.15000000 12 12
minipacmen74 0.31250000 0.10000000 0.34375000 0.15000000 12 12
minipacmen75 0.34375000 0.10000000 0.37500000 0.15000000 12 12
minipacmen76 0.37500000 0.10000000 0.40625000 0.15000000 12 12
minipacmen77 0.40625000 0.10000000 0.43750000 0.15000000 12 12
minipacmen78 0.43750000 0.10000000 0.46875000 0.15000000 12 12
minipacmen79 0.46875000 0.10000000 0.50000000 0.15000000 12 12
minipacmen80 0.50000000 0.10000000 0.53125000 0.15000000 12 12
minipacmen81 0.53125000 0.10000000 0.56250000 0.15000000 12 12
minipacmen82 0.56250000 0.10000000 0.59375000 0.15000000 12 12
minipacmen83 0.59375000 0.10000000 0.62500000 0.15000000 12 12
minipacmen84 0.62500000 0.10000000 0.65625000 0.15000000 12 12
minipacmen85 0.65625000 0.10000000 0.68750000 0.15000000 12 12
minipacmen86 0.68750000 0.10000000 0.71875000 0.15000000 12 12
minipacmen87 0.71875000 0.10000000 0.75000000 0.15000000 12 12
minipacmen88 0.75000000 0.10000000 0.78125000 0.15000000 12 12
minipacmen89 0.78125000 0.10000000 0.81250000 0.15000000 12 12
minipacmen90 0.81250000 0.10000000 0.84375000 0.15000000 12 12
minipacmen91 0.84375000 0.10000000 0.87500000 0.15000000 12 12
minipacmen92 0.87500000 0.10000000 0.90625000 0.15000000 12 12
minipacmen93 0.90625000 0.10000000 0.93750000 0.15000000 12 12
minipacmen94 0.93750000 0.10000000 0.96875000 0.15000000 12 12
minipacmen95 0.96875000 0.10000000 1.00000000 0.15000000 12 12
minipacmen96 0.00000000 0.15000000 0.03125000 0.20000000 12 12
minipacmen97 0.03125000 0.15000000 0.06250000 0.20000000 12 12
minipacmen98 0.06250000 0.15000000 0.09375000 0.20000000 12 12
minipacmen99 0.09375000 0.15000000 0.12500000 0.20000000 12 12
minipacmen100 0.12500000 0.15000000 0.15625000 0.20000000 12 12
minipacmen101 0.15625000 0.15000000 0.18750000 0.20000000 12 12
minipacmen102 0.18750000 0.15000000 0.21875000 0.20000000 12 12
minipacmen103 0.21875000 0.15000000 0.25000000 0.20000000 12 12
minipacmen104 0.25000000 0.15000000 0.28125000 0.20000000 12 12
minipacmen105 0.28125000 0.15000000 0.31250000 0.20000000 12 12
minipacmen106 0.31250000 0.15000000 0.34375000 0.20000000 12 12
minipacmen107 0.34375000 0.15000000 0.37500000 0.20000000 12 12
minipacmen108 0.37500000 0.15000000 0.40625000 0.20000000 12 12
minipacmen109 0.40625000 0.15000000 0.43750000 0.20000000 12 12
minipacmen110 0.43750000 0.15000000 0.46875000 0.20000000 12 12
minipacmen111 0.46875000 0.15000000 0.50000000 0.20000000 12 12
minipacmen112 0.50000000 0.15000000 0.53125000 0.20000000 12 12
minipacmen113 0.53125000 0.15000000 0.56250000 0.20000000 12 12
minipacmen114 0.56250000 0.15000000 0.59375000 0.20000000 12 12
minipacmen115 0.59375000 0.15000000 0.62500000 0.20000000 12 12
minipacmen116 0.62500000 0.15000000 0.65625000 0.20000000 12 12
minipacmen117 0.65625000 0.15000000 0.68750000 0.20000000 12 12
minipacmen118 0.68750000 0.15000000 0.71875000 0.20000000 12 12
minipacmen119 0.71875000 0.15000000 0.75000000 0.20000000 12 12
minipacmen120 0.75000000 0.15000000 0.78125000 0.20000000 12 12
minipacmen121 0.78125000 0.15000000 0.81250000 0.20000000 12 12
minipacmen122 0.81250000 0.15000000 0.84375000 0.20000000 12 12
minipacmen123 0.84375000 0.15000000 0.87500000 0.20000000 12 12
minipacmen124 0.87500000 0.15000000 0.90625000 0.20000000 12 12
minipacmen125 0.90625000 0.15000000 0.93750000 0.20000000 12 12
minipacmen126 0.93750000 0.15000000 0.96875000 0.20000000 12 12
minipacmen127 0.96875000 0.15000000 1.00000000 0.20000000 12 12
minipacmen128 0.00000000 0.20000000 0.03125000 0.25000000 12 12
minipacmen129 0.03125000 0.20000000 0.06250000 0.25000000 12 12
minipacmen130 0.06250000 0.20000000 0.09375000 0.25000000 12 12
minipacmen131 0.09375000 0.20000000 0.12500000 0.25000000 12 12
minipacmen132 0.12500000 0.20000000 0.15625000 0.25000000 12 12
minipacmen133 0.15625000 0.20000000 0.18750000 0.25000000 12 12
minipacmen134 0.18750000 0.20000000 0.21875000 0.25000000 12 12
minipacmen135 0.21875000 0.20000000 0.25000000 0.25000000 12 12
minipacmen136 0.25000000 0.20000000 0.28125000 0.25000000 12 12
minipacmen137 0.28125000 0.20000000 0.31250000 0.25000000 12 12
minipacmen138 0.31250000 0.20000000 0.34375000 0.25000000 12 12
minipacmen139 0.34375000 0.20000000 0.37500000 0.25000000 12 12
minipacmen140 0.37500000 0.20000000 0.40625000 0.25000000 12 12
minipacmen141 0.40625000 0.20000000 0.43750000 0.25000000 12 12
minipacmen142 0.43750000 0.20000000 0.46875000 0.25000000 12 12
minipacmen143 0.46875000 0.20000000 0.50000000 0.25000000 12 12
minipacmen144 0.50000000 0.20000000 0.53125000 0.25000000 12 12
minipacmen145 0.53125000 0.20000000 0.56250000 0.25000000 12 12
minipacmen146 0.56250000 0.20000000 0.59375000 0.25000000 12 12
minipacmen147 0.59375000 0.20000000 0.62500000 0.25000000 12 12
minipacmen148 0.62500000 0.20000000 0.65625000 0.25000000 12 12
minipacmen149 0.65625000 0.20000000 0.68750000 0.25000000 12 12
minipacmen150 0.68750000 0.20000000 0.71875000 0.25000000 12 12
minipacmen151 0.71875000 0.20000000 0.75000000 0.25000000 12 12
minipacmen152 0.75000000 0.20000000 0.78125000 0.25000000 12 12
minipacmen153 0.78125000 0.20000000 0.81250000 0.25000000 12 12
minipacmen154 0.81250000 0.20000000 0.84375000 0.25000000 12 12
minipacmen155 0.84375000 0.20000000 0.87500000 0.25000000 12 12
minipacmen156 0.87500000 0.20000000 0.90625000 0.25000000 12 12
minipacmen157 0.90625000 0.20000000 0.93750000 0.25000000 12 12
minipacmen158 0.93750000 0.20000000 0.96875000 0.25000000 12 12
minipacmen159 0.96875000 0.20000000 1.00000000 0.25000000 12 12
minipacmen160 0.00000000 0.25000000 0.03125000 0.30000000 12 12
minipacmen161 0.03125000 0.25000000 0.06250000 0.30000000 12 12
minipacmen162 0.06250000 0.25000000 0.09375000 0.30000000 12 12
minipacmen163 0.09375000 0.25000000 0.12500000 0.30000000 12 12
minipacmen164 0.12500000 0.25000000 0.15625000 0.30000000 12 12
minipacmen165 0.15625000 0.25000000 0.18750000 0.30000000 12 12
minipacmen166 0.18750000 0.25000000 0.21875000 0.30000000 12 12
minipacmen167 0.21875000 0.25000000 0.25000000 0.30000000 12 12
minipacmen168 0.25000000 0.25000000 0.28125000 0.30000000 12 12
minipacmen169 0.28125000 0.25000000 0.31250000 0.30000000 12 12
minipacmen170 0.31250000 0.25000000 0.34375000 0.30000000 12 12
minipacmen171 0.34375000 0.25000000 0.37500000 0.30000000 12 12
minipacmen172 0.37500000 0.25000000 0.40625000 0.30000000 12 12
minipacmen173 0.40625000 0.25000000 0.43750000 0.30000000 12 12
minipacmen174 0.43750000 0.25000000 0.46875000 0.30000000 12 12
minipacmen175 0.46875000 0.25000000 0.50000000 0.30000000 12 12
minipacmen176 0.50000000 0.25000000 0.53125000 0.30000000 12 12
minipacmen177 0.53125000 0.25000000 0.56250000 0.30000000 12 12
minipacmen178 0.56250000 0.25000000 0.59375000 0.30000000 12 12
minipacmen179 0.59375000 0.25000000 0.62500000 0.30000000 12 12
minipacmen180 0.62500000 0.25000000 0.65625000 0.30000000 12 12
minipacmen181 0.65625000 0.25000000 0.68750000 0.30000000 12 12
minipacmen182 0.68750000 0.25000000 0.71875000 0.30000000 12 12
minipacmen183 0.71875000 0.25000000 0.75000000 0.30000000 12 12
minipacmen184 0.75000000 0.25000000 0.78125000 0.30000000 12 12
minipacmen185 0.78125000 0.25000000 0.81250000 0.30000000 12 12
minipacmen186 0.81250000 0.25000000 0.84375000 0.30000000 12 12
minipacmen187 0.84375000 0.25000000 0.87500000 0.30000000 12 12
minipacmen188 0.87500000 0.25000000 0.90625000 0.30000000 12 12
minipacmen189 0.90625000 0.25000000 0.93750000 0.30000000 12 12
minipacmen190 0.93750000 0.25000000 0.96875000 0.30000000 12 12
minipacmen191 0.96875000 0.25000000 1.00000000 0.30000000 12 12
pacmen30 0.00000000 0.30000000 0.06250000 0.40000000 24 24
pacmen31 0.06250000 0.30000000 0.12500000 0.40000000 24 24
pacmen32 0.12500000 0.30000000 0.18750000 0.40000000 24 24
pacmen33 0.18750000 0.30000000 0.25000000 0.40000000 24 24
pacmen34 0.25000000 0.30000000 0.31250000 0.40000000 24 24
pacmen35 0.31250000 0.30000000 0.37500000 0.40000000 24 24
pacmen36 0.37500000 0.30000000 0.43750000 0.40000000 24 24
pacmen37 0.43750000 0.30000000 0.50000000 0.40000000 24 24
pacmen38 0.50000000 0.30000000 0.56250000 0.40000000 24 24
pacmen39 0.56250000 0.30000000 0.62500000 0.40000000 24 24
pacmen40 0.62500000 0.30000000 0.68750000 0.40000000 24 24
pacmen41 0.68750000 0.30000000 0.75000000 0.40000000 24 24
pacmen42 0.75000000 0.30000000 0.81250000 0.40000000 24 24
pacmen43 0.81250000 0.30000000 0.87500000 0.40000000 24 24
pacmen44 0.87500000 0.30000000 0.93750000 0.40000000 24 24
pacmen45 0.93750000 0.30000000 1.00000000 0.40000000 24 24
pacmen40 0.00000000 0.40000000 0.06250000 0.50000000 24 24
pacmen41 0.06250000 0.40000000 0.12500000 0.50000000 24 24
pacmen42 0.12500000 0.40000000 0.18750000 0.50000000 24 24
pacmen43 0.18750000 0.40000000 0.25000000 0.50000000 24 24
pacmen44 0.25000000 0.40000000 0.31250000 0.50000000 24 24
pacmen45 0.31250000 0.40000000 0.37500000 0.50000000 24 24
pacmen46 0.37500000 0.40000000 0.43750000 0.50000000 24 24
pacmen47 0.43750000 0.40000000 0.50000000 0.50000000 24 24
pacmen48 0.50000000 0.40000000 0.56250000 0.50000000 24 24
pacmen49 0.56250000 0.40000000 0.62500000 0.50000000 24 24
pacmen50 0.62500000 0.40000000 0.68750000 0.50000000 24 24
pacmen51 0.68750000 0.40000000 0.75000000 0.50000000 24 24
pacmen52 0.75000000 0.40000000 0.81250000 0.50000000 24 24
pacmen53 0.81250000 0.40000000 0.87500000 0.50000000 24 24
pacmen54 0.87500000 0.40000000 0.93750000 0.50000000 24 24
pacmen55 0.93750000 0.40000000 1.00000000 0.50000000 24 24
pacmen50 0.00000000 0.50000000 0.06250000 0.60000000 24 24
pacmen51 0.06250000 0.50000000 0.12500000 0.60000000 24 24
pacmen52 0.12500000 0.50000000 0.18750000 0.60000000 24 24
pacmen53 0.18750000 0.50000000 0.25000000 0.60000000 24 24
pacmen54 0.25000000 0.50000000 0.31250000 0.60000000 24 24
pacmen55 0.31250000 0.50000000 0.37500000 0.60000000 24 24
pacmen56 0.37500000 0.50000000 0.43750000 0.60000000 24 24
pacmen57 0.43750000 0.50000000 0.50000000 0.60000000 24 24
pacmen58 0.50000000 0.50000000 0.56250000 0.60000000 24 24
pacmen59 0.56250000 0.50000000 0.62500000 0.60000000 24 24
pacmen60 0.62500000 0.50000000 0.68750000 0.60000000 24 24
pacmen61 0.68750000 0.50000000 0.75000000 0.60000000 24 24
pacmen62 0.75000000 0.50000000 0.81250000 0.60000000 24 24
pacmen63 0.81250000 0.50000000 0.87500000 0.60000000 24 24
pacmen64 0.87500000 0.50000000 0.93750000 0.60000000 24 24
pacmen65 0.93750000 0.50000000 1.00000000 0.60000000 24 24
pacmen60 0.00000000 0.60000000 0.06250000 0.70000000 24 24
pacmen61 0.06250000 0.60000000 0.12500000 0.70000000 24 24
pacmen62 0.12500000 0.60000000 0.18750000 0.70000000 24 24
pacmen63 0.18750000 0.60000000 0.25000000 0.70000000 24 24
pacmen64 0.25000000 0.60000000 0.31250000 0.70000000 24 24
pacmen65 0.31250000 0.60000000 0.37500000 0.70000000 24 24
pacmen66 0.37500000 0.60000000 0.43750000 0.70000000 24 24
pacmen67 0.43750000 0.60000000 0.50000000 0.70000000 24 24
pacmen68 0.50000000 0.60000000 0.56250000 0.70000000 24 24
pacmen69 0.56250000 0.60000000 0.62500000 0.70000000 24 24
pacmen70 0.62500000 0.60000000 0.68750000 0.70000000 24 24
pacmen71 0.68750000 0.60000000 0.75000000 0.70000000 24 24
pacmen72 0.75000000 0.60000000 0.81250000 0.70000000 24 24
pacmen73 0.81250000 0.60000000 0.87500000 0.70000000 24 24
pacmen74 0.87500000 0.60000000 0.93750000 0.70000000 24 24
pacmen75 0.93750000 0.60000000 1.00000000 0.70000000 24 24
pacmen70 0.00000000 0.70000000 0.06250000 0.80000000 24 24
pacmen71 0.06250000 0.70000000 0.12500000 0.80000000 24 24
pacmen72 0.12500000 0.70000000 0.18750000 0.80000000 24 24
pacmen73 0.18750000 0.70000000 0.25000000 0.80000000 24 24
pacmen74 0.25000000 0.70000000 0.31250000 0.80000000 24 24
pacmen75 0.31250000 0.70000000 0.37500000 0.80000000 24 24
pacmen76 0.37500000 0.70000000 0.43750000 0.80000000 24 24
pacmen77 0.43750000 0.70000000 0.50000000 0.80000000 24 24
pacmen78 0.50000000 0.70000000 0.56250000 0.80000000 24 24
pacmen79 0.56250000 0.70000000 0.62500000 0.80000000 24 24
pacmen80 0.62500000 0.70000000 0.68750000 0.80000000 24 24
pacmen81 0.68750000 0.70000000 0.75000000 0.80000000 24 24
pacmen82 0.75000000 0.70000000 0.81250000 0.80000000 24 24
pacmen83 0.81250000 0.70000000 0.87500000 0.80000000 24 24
pacmen84 0.87500000 0.70000000 0.93750000 0.80000000 24 24
pacmen85 0.93750000 0.70000000 1.00000000 0.80000000 24 24
pacmen80 0.00000000 0.80000000 0.06250000 0.90000000 24 24
pacmen81 0.06250000 0.80000000 0.12500000 0.90000000 24 24
pacmen82 0.12500000 0.80000000 0.18750000 0.90000000 24 24
pacmen83 0.18750000 0.80000000 0.25000000 0.90000000 24 24
pacmen84 0.25000000 0.80000000 0.31250000 0.90000000 24 24
pacmen85 0.31250000 0.80000000 0.37500000 0.90000000 24 24
pacmen86 0.37500000 0.80000000 0.43750000 0.90000000 24 24
pacmen87 0.43750000 0.80000000 0.50000000 0.90000000 24 24
pacmen88 0.50000000 0.80000000 0.56250000 0.90000000 24 24
pacmen89 0.56250000 0.80000000 0.62500000 0.90000000 24 24
pacmen90 0.62500000 0.80000000 0.68750000 0.90000000 24 24
pacmen91 0.68750000 0.80000000 0.75000000 0.90000000 24 24
pacmen92 0.75000000 0.80000000 0.81250000 0.90000000 24 24
pacmen93 0.81250000 0.80000000 0.87500000 0.90000000 24 24
pacmen94 0.87500000 0.80000000 0.93750000 0.90000000 24 24
pacmen95 0.93750000 0.80000000 1.00000000 0.90000000 24 24
pacmen90 0.00000000 0.90000000 0.06250000 1.00000000 24 24
pacmen91 0.06250000 0.90000000 0.12500000 1.00000000 24 24
pacmen92 0.12500000 0.90000000 0.18750000 1.00000000 24 24
pacmen93 0.18750000 0.90000000 0.25000000 1.00000000 24 24
pacmen94 0.25000000 0.90000000 0.31250000 1.00000000 24 24
pacmen95 0.31250000 0.90000000 0.37500000 1.00000000 24 24
pacmen96 0.37500000 0.90000000 0.43750000 1.00000000 24 24
pacmen97 0.43750000 0.90000000 0.50000000 1.00000000 24 24
pacmen98 0.50000000 0.90000000 0.56250000 1.00000000 24 24
pacmen99 0.56250000 0.90000000 0.62500000 1.00000000 24 24
pacmen100 0.62500000 0.90000000 0.68750000 1.00000000 24 24
pacmen101 0.68750000 0.90000000 0.75000000 1.00000000 24 24
pacmen102 0.75000000 0.90000000 0.81250000 1.00000000 24 24
pacmen103 0.81250000 0.90000000 0.87500000 1.00000000 24 24
pacmen104 0.87500000 0.90000000 0.93750000 1.00000000 24 24
pacmen105 0.93750000 0.90000000 1.00000000 1.00000000 24 24
